# 3ds Max Wavefront OBJ Exporter v0.97b - (c)2007 guruware
# File Created: 26.02.2018 00:56:46

mtllib Luces.mtl

#
# object L_Ext001
#

v  644.9515 7.8780 183.7561
v  644.9515 6.7702 183.7561
v  657.8806 6.7702 183.7561
v  659.4539 7.8780 183.7561
v  659.4539 -2.6208 183.7561
v  657.8806 -2.6208 183.7561
v  644.9515 7.8780 177.1404
v  659.4539 7.8780 177.1404
v  659.4539 -2.6208 177.1404
v  657.8806 -2.6208 177.1404
v  657.8806 6.7702 177.1404
v  644.9515 6.7702 177.1404
# 12 vertices

vn 0.0000 -0.0000 1.0000
vn -0.7071 0.7071 0.0000
vn 0.7071 0.7071 0.0000
vn 0.7071 -0.7071 -0.0000
vn -0.7071 -0.7071 -0.0000
vn -0.0000 0.0000 -1.0000
# 6 vertex normals

vt 0.0000 0.0000 0.0000
vt 0.0000 0.1055 0.0000
vt 0.8915 0.1055 0.0000
vt 1.0000 0.0000 0.0000
vt 1.0000 1.0000 0.0000
vt 0.8915 1.0000 0.0000
vt 0.0000 1.0000 0.0000
vt 0.2900 1.0000 0.0000
vt 0.2900 0.0000 0.0000
vt 0.5000 1.0000 0.0000
vt 0.5000 0.0000 0.0000
vt 0.5315 1.0000 0.0000
vt 0.5315 0.0000 0.0000
vt 0.7193 1.0000 0.0000
vt 0.7193 0.0000 0.0000
vt 0.9778 1.0000 0.0000
vt 0.9778 0.0000 0.0000
vt 0.8915 0.8945 0.0000
vt 0.0000 0.8945 0.0000
vt 0.8915 0.0000 0.0000
# 20 texture coords

o L_Ext001
g L_Ext001
usemtl wire_087225143
s 1
f 1/1/1 2/2/1 3/3/1 4/4/1 
f 5/5/1 4/4/1 3/3/1 6/6/1 
s 2
f 7/1/2 1/7/2 4/8/3 8/9/3 
s 4
f 8/9/3 4/8/3 5/10/4 9/11/4 
s 2
f 9/11/4 5/10/4 6/12/5 10/13/5 
s 4
f 10/13/5 6/12/5 3/14/5 11/15/5 
s 2
f 11/15/5 3/14/5 2/16/5 12/17/5 
s 4
f 12/17/5 2/16/5 1/5/2 7/4/2 
s 1
f 11/18/6 12/19/6 7/7/6 8/5/6 
f 11/18/6 8/5/6 9/4/6 10/20/6 
# 10 polygons

#
# object L_Ext002
#

v  644.2097 7.8780 193.5635
v  644.2097 6.7702 193.5635
v  657.1387 6.7702 193.5635
v  658.7120 7.8780 193.5635
v  658.7120 -2.6208 193.5635
v  657.1387 -2.6208 193.5635
v  644.2097 7.8780 186.9478
v  658.7120 7.8780 186.9478
v  658.7120 -2.6208 186.9478
v  657.1387 -2.6208 186.9478
v  657.1387 6.7702 186.9478
v  644.2097 6.7702 186.9478
# 12 vertices

vn 0.0000 -0.0000 1.0000
vn -0.7071 0.7071 0.0000
vn 0.7071 0.7071 0.0000
vn 0.7071 -0.7071 -0.0000
vn -0.7071 -0.7071 -0.0000
vn -0.0000 0.0000 -1.0000
# 6 vertex normals

vt 0.0000 0.0000 0.0000
vt 0.0000 0.1055 0.0000
vt 0.8915 0.1055 0.0000
vt 1.0000 0.0000 0.0000
vt 1.0000 1.0000 0.0000
vt 0.8915 1.0000 0.0000
vt 0.0000 1.0000 0.0000
vt 0.2900 1.0000 0.0000
vt 0.2900 0.0000 0.0000
vt 0.5000 1.0000 0.0000
vt 0.5000 0.0000 0.0000
vt 0.5315 1.0000 0.0000
vt 0.5315 0.0000 0.0000
vt 0.7193 1.0000 0.0000
vt 0.7193 0.0000 0.0000
vt 0.9778 1.0000 0.0000
vt 0.9778 0.0000 0.0000
vt 0.8915 0.8945 0.0000
vt 0.0000 0.8945 0.0000
vt 0.8915 0.0000 0.0000
# 20 texture coords

o L_Ext002
g L_Ext002
usemtl wire_087225143
s 1
f 13/21/7 14/22/7 15/23/7 16/24/7 
f 17/25/7 16/24/7 15/23/7 18/26/7 
s 2
f 19/21/8 13/27/8 16/28/9 20/29/9 
s 4
f 20/29/9 16/28/9 17/30/10 21/31/10 
s 2
f 21/31/10 17/30/10 18/32/11 22/33/11 
s 4
f 22/33/11 18/32/11 15/34/11 23/35/11 
s 2
f 23/35/11 15/34/11 14/36/11 24/37/11 
s 4
f 24/37/11 14/36/11 13/25/8 19/24/8 
s 1
f 23/38/12 24/39/12 19/27/12 20/25/12 
f 23/38/12 20/25/12 21/24/12 22/40/12 
# 10 polygons

#
# object L_Ext003
#

v  639.1876 7.8780 204.2288
v  639.1876 6.7702 204.2288
v  652.1166 6.7702 204.2288
v  653.6899 7.8780 204.2288
v  653.6899 -2.6208 204.2288
v  652.1166 -2.6208 204.2288
v  639.1876 7.8780 197.6131
v  653.6899 7.8780 197.6131
v  653.6899 -2.6208 197.6131
v  652.1166 -2.6208 197.6131
v  652.1166 6.7702 197.6131
v  639.1876 6.7702 197.6131
# 12 vertices

vn 0.0000 -0.0000 1.0000
vn -0.7071 0.7071 0.0000
vn 0.7071 0.7071 0.0000
vn 0.7071 -0.7071 -0.0000
vn -0.7071 -0.7071 -0.0000
vn -0.0000 0.0000 -1.0000
# 6 vertex normals

vt 0.0000 0.0000 0.0000
vt 0.0000 0.1055 0.0000
vt 0.8915 0.1055 0.0000
vt 1.0000 0.0000 0.0000
vt 1.0000 1.0000 0.0000
vt 0.8915 1.0000 0.0000
vt 0.0000 1.0000 0.0000
vt 0.2900 1.0000 0.0000
vt 0.2900 0.0000 0.0000
vt 0.5000 1.0000 0.0000
vt 0.5000 0.0000 0.0000
vt 0.5315 1.0000 0.0000
vt 0.5315 0.0000 0.0000
vt 0.7193 1.0000 0.0000
vt 0.7193 0.0000 0.0000
vt 0.9778 1.0000 0.0000
vt 0.9778 0.0000 0.0000
vt 0.8915 0.8945 0.0000
vt 0.0000 0.8945 0.0000
vt 0.8915 0.0000 0.0000
# 20 texture coords

o L_Ext003
g L_Ext003
usemtl wire_087225143
s 1
f 25/41/13 26/42/13 27/43/13 28/44/13 
f 29/45/13 28/44/13 27/43/13 30/46/13 
s 2
f 31/41/14 25/47/14 28/48/15 32/49/15 
s 4
f 32/49/15 28/48/15 29/50/16 33/51/16 
s 2
f 33/51/16 29/50/16 30/52/17 34/53/17 
s 4
f 34/53/17 30/52/17 27/54/17 35/55/17 
s 2
f 35/55/17 27/54/17 26/56/17 36/57/17 
s 4
f 36/57/17 26/56/17 25/45/14 31/44/14 
s 1
f 35/58/18 36/59/18 31/47/18 32/45/18 
f 35/58/18 32/45/18 33/44/18 34/60/18 
# 10 polygons

#
# object L_Ext004
#

v  643.6207 7.8653 177.4877
v  643.6207 6.7575 177.4877
v  643.6207 6.7575 187.1991
v  643.6207 7.8653 188.2107
v  643.6207 2.7209 188.2107
v  643.6207 2.7209 187.1991
v  648.5598 7.8653 177.4877
v  648.5598 7.8653 188.2107
v  648.5598 2.7209 188.2107
v  648.5598 2.7209 187.1991
v  648.5598 6.7575 187.1991
v  648.5598 6.7575 177.4877
# 12 vertices

vn -1.0000 -0.0000 0.0000
vn -0.0000 0.7071 -0.7071
vn -0.0000 0.7071 0.7071
vn 0.0000 -0.7071 0.7071
vn 0.0000 -0.7071 -0.7071
vn 1.0000 0.0000 -0.0000
# 6 vertex normals

vt 0.0000 0.0000 0.0000
vt 0.0000 0.2153 0.0000
vt 0.9057 0.2153 0.0000
vt 1.0000 0.0000 0.0000
vt 1.0000 1.0000 0.0000
vt 0.9057 1.0000 0.0000
vt 0.0000 1.0000 0.0000
vt 0.3821 1.0000 0.0000
vt 0.3821 0.0000 0.0000
vt 0.5000 1.0000 0.0000
vt 0.5000 0.0000 0.0000
vt 0.5361 1.0000 0.0000
vt 0.5361 0.0000 0.0000
vt 0.6285 1.0000 0.0000
vt 0.6285 0.0000 0.0000
vt 0.9746 1.0000 0.0000
vt 0.9746 0.0000 0.0000
vt 0.9057 0.7847 0.0000
vt 0.0000 0.7847 0.0000
vt 0.9057 0.0000 0.0000
# 20 texture coords

o L_Ext004
g L_Ext004
usemtl wire_087225143
s 1
f 37/61/19 38/62/19 39/63/19 40/64/19 
f 41/65/19 40/64/19 39/63/19 42/66/19 
s 2
f 43/61/20 37/67/20 40/68/21 44/69/21 
s 4
f 44/69/21 40/68/21 41/70/22 45/71/22 
s 2
f 45/71/22 41/70/22 42/72/23 46/73/23 
s 4
f 46/73/23 42/72/23 39/74/23 47/75/23 
s 2
f 47/75/23 39/74/23 38/76/23 48/77/23 
s 4
f 48/77/23 38/76/23 37/65/20 43/64/20 
s 1
f 47/78/24 48/79/24 43/67/24 44/65/24 
f 47/78/24 44/65/24 45/64/24 46/80/24 
# 10 polygons

#
# object L_Ext005
#

v  639.4468 7.8653 186.8629
v  639.4468 6.7575 186.8629
v  639.4468 6.7575 196.5743
v  639.4468 7.8653 197.5860
v  639.4468 2.7209 197.5860
v  639.4468 2.7209 196.5743
v  644.3859 7.8653 186.8629
v  644.3859 7.8653 197.5859
v  644.3859 2.7209 197.5859
v  644.3859 2.7209 196.5743
v  644.3859 6.7575 196.5743
v  644.3859 6.7575 186.8629
# 12 vertices

vn -1.0000 -0.0000 0.0000
vn -0.0000 0.7071 -0.7071
vn -0.0000 0.7071 0.7071
vn 0.0000 -0.7071 0.7071
vn 0.0000 -0.7071 -0.7071
vn 1.0000 0.0000 -0.0000
# 6 vertex normals

vt 0.0000 0.0000 0.0000
vt 0.0000 0.2153 0.0000
vt 0.9057 0.2153 0.0000
vt 1.0000 0.0000 0.0000
vt 1.0000 1.0000 0.0000
vt 0.9057 1.0000 0.0000
vt 0.0000 1.0000 0.0000
vt 0.3821 1.0000 0.0000
vt 0.3821 0.0000 0.0000
vt 0.5000 1.0000 0.0000
vt 0.5000 0.0000 0.0000
vt 0.5361 1.0000 0.0000
vt 0.5361 0.0000 0.0000
vt 0.6285 1.0000 0.0000
vt 0.6285 0.0000 0.0000
vt 0.9746 1.0000 0.0000
vt 0.9746 0.0000 0.0000
vt 0.9057 0.7847 0.0000
vt 0.0000 0.7847 0.0000
vt 0.9057 0.0000 0.0000
# 20 texture coords

o L_Ext005
g L_Ext005
usemtl wire_087225143
s 1
f 49/81/25 50/82/25 51/83/25 52/84/25 
f 53/85/25 52/84/25 51/83/25 54/86/25 
s 2
f 55/81/26 49/87/26 52/88/27 56/89/27 
s 4
f 56/89/27 52/88/27 53/90/28 57/91/28 
s 2
f 57/91/28 53/90/28 54/92/29 58/93/29 
s 4
f 58/93/29 54/92/29 51/94/29 59/95/29 
s 2
f 59/95/29 51/94/29 50/96/29 60/97/29 
s 4
f 60/97/29 50/96/29 49/85/26 55/84/26 
s 1
f 59/98/30 60/99/30 55/87/30 56/85/30 
f 59/98/30 56/85/30 57/84/30 58/100/30 
# 10 polygons

#
# object L_Ext006
#

v  634.9371 7.8653 194.4801
v  634.9371 6.7575 194.4801
v  634.9371 6.7575 204.1915
v  634.9371 7.8653 205.2031
v  634.9371 2.7209 205.2031
v  634.9371 2.7209 204.1915
v  639.8762 7.8653 194.4801
v  639.8762 7.8653 205.2031
v  639.8762 2.7209 205.2031
v  639.8762 2.7209 204.1915
v  639.8762 6.7575 204.1915
v  639.8762 6.7575 194.4801
# 12 vertices

vn -1.0000 -0.0000 0.0000
vn -0.0000 0.7071 -0.7071
vn -0.0000 0.7071 0.7071
vn 0.0000 -0.7071 0.7071
vn 0.0000 -0.7071 -0.7071
vn 1.0000 0.0000 -0.0000
# 6 vertex normals

vt 0.0000 0.0000 0.0000
vt 0.0000 0.2153 0.0000
vt 0.9057 0.2153 0.0000
vt 1.0000 0.0000 0.0000
vt 1.0000 1.0000 0.0000
vt 0.9057 1.0000 0.0000
vt 0.0000 1.0000 0.0000
vt 0.3821 1.0000 0.0000
vt 0.3821 0.0000 0.0000
vt 0.5000 1.0000 0.0000
vt 0.5000 0.0000 0.0000
vt 0.5361 1.0000 0.0000
vt 0.5361 0.0000 0.0000
vt 0.6285 1.0000 0.0000
vt 0.6285 0.0000 0.0000
vt 0.9746 1.0000 0.0000
vt 0.9746 0.0000 0.0000
vt 0.9057 0.7847 0.0000
vt 0.0000 0.7847 0.0000
vt 0.9057 0.0000 0.0000
# 20 texture coords

o L_Ext006
g L_Ext006
usemtl wire_087225143
s 1
f 61/101/31 62/102/31 63/103/31 64/104/31 
f 65/105/31 64/104/31 63/103/31 66/106/31 
s 2
f 67/101/32 61/107/32 64/108/33 68/109/33 
s 4
f 68/109/33 64/108/33 65/110/34 69/111/34 
s 2
f 69/111/34 65/110/34 66/112/35 70/113/35 
s 4
f 70/113/35 66/112/35 63/114/35 71/115/35 
s 2
f 71/115/35 63/114/35 62/116/35 72/117/35 
s 4
f 72/117/35 62/116/35 61/105/32 67/104/32 
s 1
f 71/118/36 72/119/36 67/107/36 68/105/36 
f 71/118/36 68/105/36 69/104/36 70/120/36 
# 10 polygons

#
# object L_Ext009
#

v  647.4407 -1.4966 194.4801
v  647.4407 -2.6045 194.4801
v  647.4407 -2.6045 204.1915
v  647.4407 -1.4966 205.2031
v  647.4407 -6.6411 205.2031
v  647.4407 -6.6411 204.1915
v  652.3798 -1.4966 194.4801
v  652.3798 -1.4966 205.2031
v  652.3798 -6.6411 205.2031
v  652.3798 -6.6411 204.1915
v  652.3798 -2.6045 204.1915
v  652.3798 -2.6045 194.4801
# 12 vertices

vn -1.0000 -0.0000 0.0000
vn -0.0000 0.7071 -0.7071
vn -0.0000 0.7071 0.7071
vn 0.0000 -0.7071 0.7071
vn 0.0000 -0.7071 -0.7071
vn 1.0000 0.0000 -0.0000
# 6 vertex normals

vt 0.0000 0.0000 0.0000
vt 0.0000 0.2153 0.0000
vt 0.9057 0.2153 0.0000
vt 1.0000 0.0000 0.0000
vt 1.0000 1.0000 0.0000
vt 0.9057 1.0000 0.0000
vt 0.0000 1.0000 0.0000
vt 0.3821 1.0000 0.0000
vt 0.3821 0.0000 0.0000
vt 0.5000 1.0000 0.0000
vt 0.5000 0.0000 0.0000
vt 0.5361 1.0000 0.0000
vt 0.5361 0.0000 0.0000
vt 0.6285 1.0000 0.0000
vt 0.6285 0.0000 0.0000
vt 0.9746 1.0000 0.0000
vt 0.9746 0.0000 0.0000
vt 0.9057 0.7847 0.0000
vt 0.0000 0.7847 0.0000
vt 0.9057 0.0000 0.0000
# 20 texture coords

o L_Ext009
g L_Ext009
usemtl wire_087225143
s 1
f 73/121/37 74/122/37 75/123/37 76/124/37 
f 77/125/37 76/124/37 75/123/37 78/126/37 
s 2
f 79/121/38 73/127/38 76/128/39 80/129/39 
s 4
f 80/129/39 76/128/39 77/130/40 81/131/40 
s 2
f 81/131/40 77/130/40 78/132/41 82/133/41 
s 4
f 82/133/41 78/132/41 75/134/41 83/135/41 
s 2
f 83/135/41 75/134/41 74/136/41 84/137/41 
s 4
f 84/137/41 74/136/41 73/125/38 79/124/38 
s 1
f 83/138/42 84/139/42 79/127/42 80/125/42 
f 83/138/42 80/125/42 81/124/42 82/140/42 
# 10 polygons

#
# object Box629
#

v  652.6979 -1.6209 178.6444
v  652.6979 -1.6209 183.4737
v  645.4771 -1.6209 183.4737
v  645.4771 -1.6209 178.6444
v  652.6979 6.2082 183.4737
v  652.6979 5.5896 178.6444
v  645.4771 5.5896 178.6444
v  645.4771 6.2082 183.4737
v  652.6979 5.5896 203.4105
v  645.4771 5.5896 203.4105
v  645.4771 -1.6209 203.4105
v  652.6979 -1.6209 203.4105
v  652.6979 -1.6209 199.2540
v  652.6979 6.2082 199.2540
v  652.6979 -1.6209 188.7709
v  645.4771 -1.6209 188.7709
v  645.4771 6.6932 188.7709
v  652.6979 6.6932 188.7709
v  652.6979 -1.6209 194.3758
v  645.4771 -1.6209 194.3758
v  645.4771 6.6932 194.3758
v  652.6979 6.6932 194.3758
v  645.4771 -1.6209 199.2540
v  645.4771 6.2082 199.2540
# 24 vertices

vn 0.5774 -0.5774 -0.5774
vn 0.7071 -0.7071 -0.0000
vn -0.7071 -0.7071 0.0000
vn -0.5774 -0.5774 -0.5774
vn 0.7026 0.7062 -0.0870
vn 0.5852 0.5310 -0.6128
vn -0.5852 0.5310 -0.6128
vn -0.7025 0.7063 -0.0870
vn 0.5866 0.5234 0.6181
vn -0.5866 0.5234 0.6181
vn -0.5774 -0.5774 0.5774
vn 0.5774 -0.5774 0.5774
vn 0.7010 0.7063 0.0983
vn -0.6958 0.7173 -0.0368
vn 0.6957 0.7174 -0.0368
vn -0.6948 0.7181 0.0399
vn 0.6948 0.7181 0.0399
vn -0.7010 0.7063 0.0983
# 18 vertex normals

vt 1.0000 1.0000 0.0000
vt 0.8050 1.0000 0.0000
vt 0.8050 0.0000 0.0000
vt 1.0000 0.0000 0.0000
vt 0.1950 1.0000 0.0000
vt 0.0000 1.0000 0.0000
vt 0.0000 0.0000 0.0000
vt 0.1950 0.0000 0.0000
vt 0.1678 0.0000 0.0000
vt 0.1678 1.0000 0.0000
vt 0.5911 1.0000 0.0000
vt 0.5911 0.0000 0.0000
vt 0.4089 0.0000 0.0000
vt 0.4089 1.0000 0.0000
vt 0.3648 1.0000 0.0000
vt 0.3648 0.0000 0.0000
vt 0.6352 0.0000 0.0000
vt 0.6352 1.0000 0.0000
vt 0.8322 0.0000 0.0000
vt 0.8322 1.0000 0.0000
# 20 texture coords

o Box629
g Box629
usemtl wire_153228214
s 2
f 85/141/43 86/142/44 87/143/45 88/144/46 
s 4
f 89/145/47 90/146/48 91/147/49 92/148/50 
s 8
f 87/148/45 92/145/50 91/146/49 88/147/46 
s 16
f 93/141/51 94/146/52 95/147/53 96/144/54 
s 32
f 97/149/44 98/150/55 93/146/51 96/147/54 
s 64
f 88/144/46 91/141/49 90/146/48 85/147/43 
s 2
f 86/142/44 99/151/44 100/152/45 87/143/45 
s 4
f 92/148/50 101/153/56 102/154/57 89/145/47 
s 8
f 100/153/45 101/154/56 92/145/50 87/148/45 
s 32
f 86/143/44 85/144/43 90/141/48 89/142/47 
f 86/143/44 89/142/47 102/151/57 99/152/44 
s 2
f 99/151/44 103/155/44 104/156/45 100/152/45 
s 4
f 105/157/58 106/158/59 102/154/57 101/153/56 
s 8
f 100/153/45 104/157/45 105/158/58 101/154/56 
s 32
f 103/156/44 99/152/44 102/151/57 106/155/59 
s 2
f 107/149/45 104/156/45 103/155/44 97/150/44 
s 4
f 106/158/59 105/157/58 108/159/60 98/160/55 
s 8
f 108/160/60 105/158/58 104/157/45 107/159/45 
s 32
f 97/149/44 103/156/44 106/155/59 98/150/55 
s 2
f 95/147/53 107/149/45 97/150/44 96/146/54 
s 4
f 94/144/52 93/141/51 98/160/55 108/159/60 
s 8
f 107/159/45 95/144/53 94/141/52 108/160/60 
# 22 polygons

